Sets
    j Villages /1*60/,k Villages/1*60/;
    ;
    
Parameters
    HC(k)    number of houses in each village /1  203,2   205,3   205,4   249,5   372,6   308,7   311,8   369,9   224,10   256,11   317,12   394,13   312,14   203,15   360,16   246,17   362,18  277,19   373,20   350,21   311,22   227,23   212,24   224,25   208,26   221,27   245,28   343,29   312,30   202,31    214,32   394,33   314,34   240,35   250,36   349,37   239,38   316,39   394,40   370,41   248,42   299,43   324,44   366,45   231,46   203,47   214,48   297,49   321,50   314,51   263,52   398,53   316,54   276,55   310,56   349,57   334,58   253,59   213,60   274/
    IC(j)  Cost of installing plant in Villages   /1 46297,2 42101,3 47528,4 40665,5 42603,6 48048,7 41934,8 46395,9 45247,10    49249,11    42633,12       40659,13       47351,14       47722,15       49079,16      49320,17       40139,18       42343,19       46168,20       49491,21       49502,22       45567,23       49156,24       46416,25       43900,26       44860,27       46043,28       45496,29       49262,30       49188,31           43949,32       49633,33       41739,34       41263,35       41350,36       45057,37       40215,38       49480,39       48271,40       40150,41       41762,42       43320,43       41310,44       48095,45       43447,46           49402,47       45820,48       48789,49       48448,50       49054,51       44599,52       45464,53       47986,54       42857,55      44903,56       45991,57       40155,58       45935,59       44337,60   48074 /
    RMTCost(j) /1   334,2 283,3 312,4 228,5 239,6 360,7 394,8 262,9 339,10 376,11 379,12 217,13 207,14 234,15 376,16 219,17 284,18 392,19 307,20 339,21 263,22 337,23 367,24 203,25 350,26 398,27 350,28 256,29 358,30 220,31 290,32 382,33 259,34 257,35 226,36 203,37 336,38 242,39 253,40 298,41 210,42 315,43 229,44 318,45 340,46 220,47 283,48 339,49 283,50 210,51 307,52 333,53 303,54 389,55 317,56 381,57 227,58 227,59 362,60 279/
;
    
Table TC(j,k) distance between villages
        1       2       3      4        5       6       7      8        9      10      11       12      13      14      15      16      17      18      19      20      21      22      23      24       25      26      27      28      29      30      31      32      33      34      35      36      37      38      39      40      41      42      43      44      45      46       47       48      49      50      51       52       53      54      55       56      57      58      59      60
1       0   10332   15678   5865     5330   11856   10586   7104    13760   10285   10560     5246    3650   20038   10686    5312   12870    6083   13135   13182   18873   17976   12231    8320    10500   18288   10480   18600   11988   14504    4884   12240   13983    8850    9976    3760   14980   13098    7300   13940   13356   12684   14536    8875   15904    9130     8855    15580   11232   19116    7144     4838    15939   11175    1606    13668   11753   14606   13416    4140
2   10332       0   18000   6804    17672   13590   12403   8170    15732    6984   12402     6076   13515   10780   12780    5605   14760    4186   15272   15120   10230    8736   13950    1748     5760   11004   11960   21489   13846    6278   15910   14028    4914    6177     686   10672    8610    4644   18955    4418    6720    2688   16653    1992   18509    9215    10324    17766   12870   21855   16632     6016    18334   12876    9775    16037    8330   17143    8526    5103
3   15678   18000       0   8700    13904    4116    3139   8400    11094   11648    9000    22816   11929   18216    5376   21271   10920   15300    3080    3864   17226   18630    6438   17802    23400   17082    6020    4941    3120   15120   10800   10530   20400   10449   17940   13244   13604   15200   11139   14520   24300   16380    8075   17248    4851    9167    26228     9240    4788    7569    8774    21648     7470    4374   17617     1679    9954    5475   11132   18975
4    5865    6804    8700      0     8216    5025    4672   2059     9625    6724    7623    10956    5250   16102    4350    9840    9450    4864    6800    6300   15132   14175    5460    7007    11664   14835    3542   11736    5467   11147    7171    9039   10488    5688    6557    2926   11725    9798    9730   10349   12474    9072    7524    7344    9452    5680    14800     8295    4425   11778    7665    10270     9028    4608    7490     7616    8540    8512    9711    9042
5    5330   17672   13904   8216        0    9592   10087  11172    20610   17670   17100    12096    2407   28608    8272   11997   20240   12638   11502   12848   27118   26226   15834   15210    17860   26158    7920   17425   10668   21924    1932   19270   21538   15555   17376    6480   22320   20328    2905   21620   21056   20304   17355   15390   14661   16275    13746    18860   13816   17563    4386    11408    16530   13090    6059    12397   18758   13475   21216    9875
6   11856   13590    4116   5025     9592       0    3212   4480    12212    9009    9936    18308    8058   19412    3444   16910   12012   11135    4081    4956   18357   17280    7569   13588    18990   18096    1978    7776    3200   13920    6880   11544   16235    7776   13432    9030   14592   12400    9638   13024   19890   11970    9180   13475    5852    7832    22161    10384    5880    8700    7216    17336     8549    5427   13746     3796   10981    6424   12328   15300
7   10586   12403    3139   4672    10087    3212       0   4278     7350    6800    5734    16605    7344   13527    6205   15288    7227   10138    1782    1095   12692   12956    3268   12300    17143   12596    5025    6300     276   10074    8832    6968   14578    6020   12312    8325    9620   10143   11288    9394   17933   10981    4736   11946    4356    4680    19656     5698    1898    5928    9372    15631     4248    1610   12240     2852    6460    3720    7290   13440
8    7104    8170    8400   2059    11172    4480    4278      0     7872    4611    6256    12584    7800   14520    6960   11390    7760    6075    6497    5840   13695   12556    4565    8364    13330   13764    5658   11704    5016    9728    9880    7548   10935    3850    7920    5002   10512    8284   12600    8568   14190    7138    7128    8687    9344    3570    16669     7896    3840   11620   10452    11844     8769    4081    8850     7452    6975    8418    7744   10508
9   13760   15732   11094   9625    20610   12212    7350   7872        0    9207     888    20586   16200   11562   15738   19110     602   13137    7031    7138    8277   16376    4895   15664    21252    8640   14520    6308    8364   13120   18532     480   18357    8300   15604   13816    5148   13202   21384   12240   22172   14076    2958   15405    5214    6734    24395     2160    6192    5696   19320    19530     3315    6225   15714     7950    5913    4050    7896   17248
10  10285    6984   11648   6724    17670    9009    6800   4611     9207       0    6873    11880   13502   11088   12740   10656    8372    4784    9408    8736   10528    9021    7332    7347    12804   11305   11346   15400    7743    6525   15921    8075   10304     264    6633   10602    7719    5394   19006    4655   13774    5238   10212    8064   12684    2400    16920    11115    6461   15322   16643    11210    12060    6688    9718    10480    3440   11600    3465   10250
11  10560   12402    9000   7623    17100    9936    5734   6256      888    6873       0    16560   13132    8880   12888   15246     360   10147    5525    5688    6075   12948    3825   12284    17082    6336   11914    6072    6664   10064   15096     660   14527    6072   12320   11322    3456   10132   17420    9424   17862   10998    2190   11895    4160    4774    19525     2280    4896    5700   15820    15580     3337    4899   12194     6222    4087    3538    5760   13356
12   5246    6076   22816  10956    12096   18308   16605  12584    20586   11880   16560        0    8439   17200   16928     873   19504    6324   19720   19872   16340   14994   18810    4042     6272   16598   16732   26255   18392   11880   10824   18490   10788   10591    5500    8836   12852   10208   14007   10464    9604    8820   21483    5440   23035   14065     6188    22752   17572   26885   12690      192    23114   17444    4611    20331   12702   21465   13500     415
13   3650   13515   11929   5250     2407    8058    7344   7800    16200   13502   13132     8439       0   23403    6873    8400   15879    9040    9720    9401   22058   21250   11890   11340    13685   21170    6561   15048    8400   17400    1950   15038   17040   11704   13224    3483   17750   15975    4736   17098   16575   15895   13280   11592   12528   12264    12870    14608   10112   15252    3388     7885    12558    9500    5328    10472   14578   11424   16704    7140
14  20038   10780   18216  16102    28608   19412   13527  14520    11562   11088    8880    17200   23403       0   23184   16393   10672   14508   13430   13984    2850    5390   11780   12126    10584    1806   21996   17711   15048    3256   25960   10234    8184   10235   11700   21244    4788    4928   28971    6048   11564    8036   12555    9180   14875   11931    14924    13536   12972   17765   26910    16704    14378   12816   19575    14175    6264   13689    7700   14359
15  10686   12780    5376   4350     8272    3444    6205   6960    15738   12740   12888    16928    6873   23184       0   15575   15456    9860    7238    8400   21924   20970   11136   12298    17640   21294    1548    9315    6480   17200    5680   14742   16660   11097   12420    7740   17708   15680    6399   16632   18540   15300   12665   12320    9009   11481    20916    13992    9324   12267    3854    16016    11952    8748   12561     5621   14220    9417   16100   14175
16   5312    5605   21271   9840    11997   16910   15288  11390    19110   10656   15246      873    8400   16393   15575       0   18067    5310   18286   18423   15548   14250   17388    3640     5795   15770   15379   24596   17000   11220   10710   17098   10170    9460    5044    7735   12150    9605   13776    9858    9025    8265   19980    5002   21484   12784     6776    21204   16198   25208   11484      651    21560   16082    4704    18876   11508   19968   12222    1120
17  12870   14760   10920   9450    20240   12012    7227   7760      602    8372     360    19504   15879   10672   15456   18067       0   12240    6930    7056    7482   15390    4872   14706    20160    7878   14276    6723    8240   12240   18160     390   17340    7533   14628   13588    4484   12320   20935   11352   21060   13140    2975   14476    5159    5963    23240     2200    6132    6177   18942    18480     3486    6156   14773     7811    5214    4015    7084   16275
18   6083    4186   15300   4864    12638   11135   10138   6075    13137    4784   10147     6324    9040   14508    9860    5310   12240       0   12792   12580   13728   12467   11440    2349     7280   13983    9570   18614   11421    9639   11259   11613    8600    4182    3627    6090   10549    8100   14160    8277    8190    6734   14018    3744   15834    6930    11424    15041   10455   18920   11869     5874    15624   10496    5520    13542    6720   14578    7347    5548
19  13135   15272    3080   6800    11502    4081    1782   6497     7031    9408    5525    19720    9720   13430    7238   18286    6930   12792       0    1232   12640   15853    2720   15089    20252   12709    6004    4662    1679   12629   10001    6745   17472    8362   15215   10902    9591   12702   12600   12069   21082   13778    4290   14560    2730    7134    22800     5265    3157    4080   10575    18630     3800    2664   14904     1254    6192    2310    8245   16116
20  13182   15120    3864   6300    12848    4956    1095   5840     7138    8736    5688    19872    9401   13984    8400   18423    7056   12580    1232       0   13224   15750    2436   15050    20520   13494    7052    6399    1520   12560   11440    6942   17680    7857   14996   10492   10108   12640   14299   11704   21420   13500    4165   14784    4235    6319    23572     5192    2100    5829   12054    18832     3652    1620   15089     2555    6320    3577    7452   16575
21  18873   10230   17226  15132    27118   18357   12692  13695     8277   10528    6075    16340   22058    2850   21924   15548    7482   13728   12640   13224       0    7905   11160   11481    12834    1701   20826   14196   14193    5561   24485    7209   10384    9660   11115   20114    2133    5644   27306    5733   13764    7626    9240    8640   11600   11316    16684    10101   12267   14130   25415    15834    11008   12096   18450    13300    5904   10564    7315   13494
22  17976    8736   18630  14175    26226   17280   12956  12556    16376    9021   12948    14994   21250    5390   20970   14250   15390   12467   15853   15750    7905       0   14601   10120     8544    5880   19780   22098   14448    1548   23736   14616    3367    8352    9604   19044    9184    3182   26690    4136    6048    6048   17290    7387   19090    9880    11837    18424   13500   22506   24640    14570    18957   13485   17510    16590    8925   17696    9212   12474
23  12231   13950    6438   5460    15834    7569    3268   4565     4895    7332    3825    18810   11890   11780   11136   17388    4872   11440    2720    2436   11160   14601       0   13973    19530   11745    9790    8148    3901   11537   14193    4941   16720    6636   13775    9256    8295   11620   17138   10465   20460   12276    2904    13920   5840    4876    22876     3549    1479    7650   14875    17836     4816    1680   14186     4028    4264    5092    5985   15834
24   8320    1748   17802   7007    15210   13588   12300   8364    15664    7347   12284     4042   11340   12126   12298    3640   14706    2349   15089   15050   11481   10120   13973       0     4876   12000   12056   21082   13776    7544   13612   13920    6351    6474    1128    8536    8736    5986   16524    5940    5796    4324   16530    1659   18170    9464     9265    17640   12900   21538   14280     4050    18105   12865    7776    15750    8505   16800    8836    3542
25  10500    5760   23400  11664    17860   18990   17143  13330    21252   12804   17082     6272   13685   10584   17640    5795   20160    7280   20252   20520   12834    8544   19530    4876        0   10836   17480   26709   19006    6106   16082   19068    4732   11397    6370   10856   13530    6020   19125    8930    3264    7488   22113    2988   23489   14915     4984    23406   18270   27435   16808     6204    23674   18096    9945    20777   13430   21883   14406    5265
26  18288   11004   17082  14835    26158   18096   12596  13764     8640   11305    6336    16598   21170    1806   21294   15770    7878   13983   12709   13494    1701    5880   11745   12000    10836       0   20400   13800   14208    4292   23384    7488    8137   10200   11868   19760    2940    5698   25842    6888   11172    8652    9796    9159   11360   11952    13783    10332   12636   13932   24320    15990    11011   12375   17958    13132    6789   10318    8428   13386
27  10480   11960    6020   3542     7920    1978    5025   5658    14520   11346   11914    16732    6561   21996    1548   15379   14276    9570    6004    7052   20826   19780    9790   12056    17480   20400       0    9711    5166   16154    5330   13680   15486    9877   11750    7392   16770   14596    8019   15390   18400   13984   11397   12166    7821   10101    20910    12690    7998   10947    5460    15840    10710    7470   12393     5475   13122    8325   14758   14091
28  18600   21489    4941  11736    17425    7776    6300  11704     6308   15400    6072    26255   15048   17711    9315   24596    6723   18614    4662    6399   14196   22098    8148   21082    26709   13800    9711       0    6622   18172   14014    6000   23534   13728   21538   16683   10366   18249   14896   18020   27579   19923    5248   20054    1776   12900    29040     4930    8424    2184   12798    24905     3280    7722   20520     3080   11324    2100   14240   21600
29  11988   13846    3120   5467    10668    3200     276   5016     8364    7743    6664    18392    8400   15048    6480   17000    8240   11421    1679    1520   14193   14448    3901   13776    19006   14208    5166    6622       0   11400    9424    7992   16281    6930   13728    9430   10944   11476   12150   10584   19866   12298    5508   13505    4526    5440    21883     6552    2400    6142    9984    17388     4977    2079   13800     2898    7425    3864    8272   15194
30  14504    6278   15120  11147    21924   13920   10074   9728    13120    6525   10064    11880   17400    3256   17200   11220   12240    9639   12629   12560    5561    1548   11537    7544     6106    4292   16154   18172   11400       0   19608   11544    4131    6006    7040   15498    6768    1444   22200    2184    6966    3870   13932    5183   15476    7310    10033    14952   10560   18592   20436    11508    15405   10549   14100    13248    6525   14214    6688    9656
31   4884   15910   10800   7171     1932    6880    8832   9880    18532   15921   15096    10824    1950   25960    5680   10710   18160   11259   10001   11440   24485   23736   14193   13612    16082   23384    5330   14014    9424   19608       0   17168   19359   13860   15664    5658   19872   18164    2850   19488   19006   18318   15552   13651   11680   14620    14299    16968   12320   15272    2184    10164    14773   11627    6600     9522   16725   11868   19184    8662
32  12240   14028   10530   9039    19270   11544    6968   7548      480    8075     660    18490   15038   10234   14742   17098     390   11613    6745    6942    7209   14616    4941   13920    19068    7488   13680    6000    7992   11544   17168       0   16353    7200   13932   13040    4340   11618   19710   10824   19908   12516    3160   13561    5112    5810    21791     2460    6084    5508   17936    17466     3465    6075   13870     7504    5037    4020    6880   15180
33  13983    4914   20400  10488    21538   16235   14578  10935    18357   10304   14527    10788   17040    8184   16660   10170   17340    8600   17472   17680   10384    3367   16720    6351     4732    8137   15486   23534   16281    4131   19359   16353       0    9102    5673   14790   11165    4050   22160    6675    2730    5278   19178    4056   20514   12330     8064    20381   15555   24200   20169    10502    20664   15416   13520    17982   11040   19018   11811    8892
34   8850    6177   10449   5688    15555    7776    6020   3850     8300     264    6072    10591   11704   10235   11097    9460    7533    4182    8362    7857    9660    8352    6636    6474    11397   10200    9877   13728    6930    6006   13860    7200    9102       0    5874    9213    7008    4697   16568    4420   12267    4611    9184    7030   11248    2236    14960    10030    5832   13776   14536     9945    10800    6006    8360     9240    3268   10220    3382    8928
35   9976     686   17940   6557    17376   13432   12312   7920    15604    6633   12320     5500   13224   11700   12420    5044   14628    3627   15215   14996   11115    9604   13775    1128     6370   11868   11750   21538   13728    7040   15664   13932    5673    5874       0   10246    8400    5368   18792    5184    7350    3430   16554    2465   18530    8924    11011    17664   12696   21850   16380     5472    18291   12727    9396    16038    8091   17172    8200    4814
36   3760   10672   13244   2926     6480    9030    8325   5002    13816   10602   11322     8836    3483   21244    7740    7735   13588    6090   10902   10492   20114   19044    9256    8536    10856   19760    7392   16683    9430   15498    5658   13040   14790    9213   10246       0   16146   13940    8667   14670   13984   13248   11919    9322   13983    9373    13770    12870    8342   16821    6132     8280    13600    8466    5589    11775   12474   12825   14006    7623
37  14980    8610   13604  11725    22320   14592    9620  10512     5148    7719    3456    12852   17750    4788   17708   12150    4484   10549    9591   10108    2133    9184    8295    8736    13530    2940   16770   10366   10944    6768   19872    4340   11165    7008    8400   16146       0    6840   22294    5600   14350    7134    6468    8901    8142    8424    16575     6720    9272   10270   20720    12400     7575    9125   14626    10140    3763    7280    4872   10586
38  13098    4644   15200   9798    20328   12400   10143   8284    13202    5394   10132    10208   15975    4928   15680    9605   12320    8100   12702   12640    5644    3182   11620    5986     6020    5698   14596   18249   11476    1444   18164   11618    4050    4697    5368   13940    6840       0   20775    2100    6880    2236   14013    3796   15549    7395     9954    15036   10640   18675   18954     9912    15484   10626   12675    13317    6600   14283    6776    8307
39   7300   18955   11139   9730     2905    9638   11288  12600    21384   19006   17420    14007    4736   28971    6399   13776   20935   14160   12600   14299   27306   26690   17138   16524    19125   25842    8019   14896   12150   22200    2850   19710   22160   16568   18792    8667   22294   20775       0   22410   22015   21335   18400   16200   14256   17640    14118    19920   15168   18204    2618    13197    17550   14364    7992    10744   19314   14280   22272   11200
40  13940    4418   14520  10349    21620   13024    9394   8568    12240    4655    9424    10464   17098    6048   16632    9858   11352    8277   12069   11704    5733    4136   10465    5940     8930    6888   15390   18020   10584    2184   19488   10824    6675    4420    5184   14670    5600    2100   22410       0    9870    1786   13172    4779   15228    5766    13137    14168    9504   18200   20296    10212    14877    9605   13446    12936    5229   14014    4992    8690
41  13356    6720   24300  12474    21056   19890   17933  14190    22172   13774   17862     9604   16575   11564   18540    9025   21060    8190   21082   21420   13764    6048   20460    5796     3264   11172   18400   27579   19866    6966   19006   19908    2730   12267    7350   13984   14350    6880   22015    9870       0    8448   23023    3818   24319   15865     6942    24346   19170   28365   19800     9400    24564   18966   12835    21567   14280   22673   15386    8019
42  12684    2688   16380   9072    20304   11970   10981   7138    14076    5238   10998     8820   15895    8036   15300    8265   13140    6734   13778   13500    7626    6048   12276    4324     7488    8652   13984   19923   12298    3870   18318   12516    5278    4611    3430   13248    7134    2236   21335    1786    8448       0   15015    3486   17015    7505    11926    16074   11250   20181   19096     8648    16732   11310   12155    14615    6800   15721    6762    7371
43  14536   16653    8075   7524    17355    9180    4736   7128     2958   10212    2190    21483   13280   12555   12665   19980    2975   14018    4290    4165    9240   17290    2904   16530    22113    9796   11397    5248    5508   13932   15552    3160   19178    9184   16554   11919    6468   14013   18400   13172   23023   15015       0   16146    3120    7740    25116      890    3400    4576   16268    20381     1932    3362   16480     5328    6800    2516    8928   17936
44   8875    1992   17248   7344    15390   13475   11946   8687    15405    8064   11895     5440   11592    9180   12320    5002   14476    3744   14560   14784    8640    7387   13920    1659     2988    9159   12166   20054   13505    5183   13651   13561    4056    7030    2465    9322    8901    3796   16200    4779    3818    3486   16146       0   17290    9922     6992    17253   12859   20720   14325     5346    17480   12728    8424    14982    8784   15906    9435    4420
45  15904   18509    4851   9452    14661    5852    4356   9344     5214   12684    4160    23035   12528   14875    9009   21484    5159   15834    2730    4235   11600   19090    5840   18170    23489   11360    7821    1776    4526   15476   11680    5112   20514   11248   18530   13983    8142   15549   14256   15228   24319   17015    3120   17290       0   10332    25764     3402    6160    1920   12300    21789     2052    5550   17712     2640    9000     792   11560   18768
46   9130    9215    9167   5680    16275    7832    4680   3570     6734    2400    4774    14065   12264   11931   11481   12784    5963    6930    7134    6319   11316    9880    4876    9464    14915   11952   10101   12900    5440    7310   14620    5810   12330    2236    8924    9373    8424    7395   17640    5766   15865    7505    7740    9922   10332       0    18744     8556    4094   12696   15312    13299     9592    4386   10080     8268    4284    9360    4462   12000
47   8855   10324   26228  14800    13746   22161   19656  16669    24395   16920   19525     6188   12870   14924   20916    6776   23240   11424   22800   23572   16684   11837   22876    9265     4984   13783   20910   29040   21883   10033   14299   21791    8064   14960   11011   13770   16575    9954   14118   13137    6942   11926   25116    6992   25764   18744        0    26535   21497   30186   16929     6090    26404   21120    7254    22968   16692   23976   18473    4662
48  15580   17766    9240   8295    18860   10384    5698   7896     2160   11115    2280    22752   14608   13536   13992   21204    2200   15041    5265    5192   10101   18424    3549   17640    23406   10332   12690    4930    6552   14952   16968    2460   20381   10030   17664   12870    6720   15036   19920   14168   24346   16074     890   17253    3402    8556    26535        0    4224    4186   17716    21620     1479    4335   17596     6314    7553    2310    9792   19118
49  11232   12870    4788   4425    13816    5880    1898   3840     6192    6461    4896    17572   10112   12972    9324   16198    6132   10455    3157    2100   12267   13500    1479   12900    18270   12636    7998    8424    2400   10560   12320    6084   15555    5832   12696    8342    9272   10640   15168    9504   19170   11250    3400   12859    6160    4094    21497     4224       0    8004   12956    16632     5229     405   13114     4380    5451    5402    5888   14700
50  19116   21855    7569  11778    17563    8700    5928  11620     5696   15322    5700    26885   15252   17765   12267   25208    6177   18920    4080    5829   14130   22506    7650   21538    27435   13932   10947    2184    6142   18592   15272    5508   24200   13776   21850   16821   10270   18675   18204   18200   28365   20181    4576   20720    1920   12696    30186     4186    8004       0   15980    25571     2494    7308   21156     4864   11234    1368   14060   22464
51   7144   16632    8774   7665     4386    7216    9372  10452    19320   16643   15820    12690    3388   26910    3854   11484   18942   11869   10575   12054   25415   24640   14875   14280    16808   24320    5460   12798    9984   20436    2184   17936   20169   14536   16380    6132   20720   18954    2618   20296   19800   19096   16268   14325   12300   15312    16929    17716   12956   15980       0    11954    15471   12245    8932     8804   17479   12496   19980   10658
52   4838    6016   21648  10270    11408   17336   15631  11844    19530   11210   15580      192    7885   16704   16016     651   18480    5874   18630   18832   15834   14570   17836    4050     6204   15990   15840   24905   17388   11508   10164   17466   10502    9945    5472    8280   12400    9912   13197   10212    9400    8648   20381    5346   21789   13299     6090    21620   16632   25571   11954        0    21924   16490    4233    19173   11952   20251   12768     553
53  15939   18334    7470   9028    16530    8549    4248   8769     3315   12060    3337    23114   12558   14378   11952   21560    3486   15624    3800    3652   11008   18957    4816   18105    23674   11011   10710    3280    4977   15405   14773    3465   20664   10800   18291   13600    7575   15484   17550   14877   24564   16732    1932   17480    2052    9592    26404     1479    5229    2494   15471    21924        0    4640   17862     4824    8424    1080   10829   19166
54  11175   12876    4374   4608    13090    5427    1610   4081     6225    6688    4899    17444    9500   12816    8748   16082    6156   10496    2664    1620   12096   13485    1680   12865    18096   12375    7470    7722    2079   10549   11627    6075   15416    6006   12727    8466    9125   10626   14364    9605   18966   11310    3362   12728    5550    4386    21120     4335     405    7308   12245    16490     4640       0   12996     3850    5472    4830    5963   14472
55   1606    9775   17617   7490     6059   13746   12240   8850    15714    9718   12194     4611    5328   19575   12561    4704   14773    5520   14904   15089   18450   17510   14186    7776     9945   17958   12393   20520   13800   14100    6600   13870   13520    8360    9396    5589   14626   12675    7992   13446   12835   12155   16480    8424   17712   10080     7254    17596   13114   21156    8932     4233    17862   12996       0    15368   11322   16320   12876    3640
56  13668   16037    1679   7616    12397    3796    2852   7452     7950   10480    6222    20331   10472   14175    5621   18876    7811   13542    1254    2555   13300   16590    4028   15750    20777   13132    5475    3080    2898   13248    9522    7504   17982    9240   16038   11775   10140   13317   10744   12936   21567   14615    5328   14982    2640    8268    22968     6314    4380    4864    8804    19173     4824    3850   15368        0    7140    3224    9396   16384
57  11753    8330    9954   8540    18758   10981    6460   6975     5913    3440    4087    12702   14578    6264   14220   11508    5214    6720    6192    6320    5904    8925    4264    8505    13430    6789   13122   11324    7425    6525   16725    5037   11040    3268    8091   12474    3763    6600   19314    5229   14280    6800    6800    8784    9000    4284    16692     7553    5451   11234   17479    11952     8424    5472   11322     7140       0    8092     957   10570
58  14606   17143    5475   8512    13475    6424    3720   8418     4050   11600    3538    21465   11424   13689    9417   19968    4015   14578    2310    3577   10564   17696    5092   16800    21883   10318    8325    2100    3864   14214   11868    4020   19018   10220   17172   12825    7280   14283   14280   14014   22673   15721    2516   15906     792    9360    23976     2310    5402    1368   12496    20251     1080    4830   16320     3224    8092       0   10530   17280
59  13416    8526   11132   9711    21216   12328    7290   7744     7896    3465    5760    13500   16704    7700   16100   12222    7084    7347    8245    7452    7315    9212    5985    8836    14406    8428   14758   14240    8272    6688   19184    6880   11811    3382    8200   14006    4872    6776   22272    4992   15386    6762    8928    9435   11560    4462    18473     9792    5888   14060   19980    12768    10829    5963   12876     9396     957   10530       0   11620
60   4140    5103   18975   9042     9875   15300   13440  10508    17248   10250   13356      415    7140   14359   14175    1120   16275    5548   16116   16575   13494   12474   15834    3542     5265   13386   14091   21600   15194    9656    8662   15180    8892    8928    4814    7623   10586    8307   11200    8690    8019    7371   17936    4420   18768   12000     4662    19118   14700   22464   10658      553    19166   14472    3640    16384   10570   17280   11620       0
 
;
    
Variables
    OBJ Objectiveof optimisation
    Z(j,k) amount of electricity transported from village j to k
    X(j)   1 if plant is built in village j
    Y(j,k)  1 if electricity is transported from village j to village k
    E(j)  energy produced by each plant j
    R(j) amount of raw material required by each plant
    ;
   
Binary Variables
    X(j) 1 if plant is built in village j
    Y(j,k) 1 if electricity is transported from village j to village k
;
Scalars
    HConsump  energy consumed by each house /0.3/
    MaxProd maximum energy produced by each plant /1200/
    MaxPlants maximum number of plants /5/
    MinPlants minimum number of plants /1/
    Rawmat units raw material required per unit electricity/0.5/

    ;

Equations
COST,Eqn1,Eqn2,Eqn3(k),Eqn4(k),Eqn5(j),Eqn6(j,k),Eqn7(j),Eqn8(j);

COST..  OBJ=e= sum(j,X(j)*IC(j)) + sum((j,k),TC(j,k)*Y(j,k)) + sum(j,R(j)*RMTCost(j));
Eqn1.. sum(j,X(j)) =g= MinPlants;
Eqn2.. sum(j,X(j)) =l= MaxPlants;
Eqn3(k)..  sum(j,Y(j,k)*X(j)) =e= 1;
Eqn4(k)..  sum(j,Z(j,k)) =e= HC(k)*HConsump;
Eqn5(j)..  sum(k,Y(j,k)*HConsump*HC(k)) =l= MaxProd;
Eqn6(j,k).. Z(j,k) =e= Y(j,k)*HC(k)*HConsump;
Eqn7(j)..   E(j) =e= sum(k,Z(j,k));
Eqn8(j)..   R(j) =e= Rawmat*E(j);

model powergrid /all/;

solve powergrid using minlp minimizing OBJ;
display X.l;
display Y.l;
display Z.l;
display OBJ.l;
